929,0
930,0
931,0
932,0
933,0
934,1
935,1
936,1
937,1
938,1
939,2
940,2
941,2
942,2
943,2
944,2
945,2
946,2
947,2
948,2
949,3
950,3
951,3
952,3
953,3
954,3
955,3
956,3
957,3
958,3
959,3
960,3
961,3
962,3
963,3
964,3
965,3
966,3
967,3
968,3
969,3
970,3
971,3
972,3
973,3
974,3
975,3
976,3
977,3
978,3
979,3
980,3
981,3
982,3
983,3
984,3
985,3
986,3
987,3
988,3
989,3
990,3
991,3
992,3
993,3
994,3
995,3
996,3
997,3
998,3
999,3
1000,3
1001,3
1002,3
1003,3
1004,3
1005,3
1006,3
1007,3
1008,3
1009,3
1010,3
1011,3
1012,3
1013,3
1014,3
1015,3
1016,3
1017,3
1018,3
1019,3
1020,3
1021,3
1022,3
1023,3
1024,3
