753,0
754,0
755,0
756,0
757,0
758,1
759,1
760,1
761,1
762,1
763,2
764,2
765,2
766,2
767,2
768,2
769,2
770,2
771,2
772,2
773,3
774,3
775,3
776,3
777,3
778,3
779,3
780,3
781,3
782,3
783,3
784,3
785,3
786,3
787,3
788,3
789,3
790,3
791,3
792,3
793,3
794,3
795,3
796,3
797,3
798,3
799,3
800,3
801,3
802,3
803,3
804,3
805,3
806,3
807,3
808,3
809,3
810,3
811,3
812,3
813,3
814,3
815,3
816,3
817,3
818,3
819,3
820,3
821,3
822,3
823,3
824,3
825,3
826,3
827,3
828,3
829,3
830,3
831,3
832,3
833,3
834,3
835,3
836,3
837,3
838,3
