839,0
840,0
841,0
842,0
843,0
844,1
845,1
846,1
847,1
848,1
849,2
850,2
851,2
852,2
853,2
854,2
855,2
856,2
857,2
858,2
859,3
860,3
861,3
862,3
863,3
864,3
865,3
866,3
867,3
868,3
869,3
870,3
871,3
872,3
873,3
874,3
875,3
876,3
877,3
878,3
879,3
880,3
881,3
882,3
883,3
884,3
885,3
886,3
887,3
888,3
889,3
890,3
891,3
892,3
893,3
894,3
895,3
896,3
897,3
898,3
899,3
900,3
901,3
902,3
903,3
904,3
905,3
906,3
907,3
908,3
909,3
910,3
911,3
912,3
913,3
914,3
915,3
916,3
917,3
918,3
919,3
920,3
921,3
922,3
923,3
924,3
925,3
926,3
927,3
928,3
