126,0
128,0
131,0
134,0
137,0
142,1
146,1
150,1
154,1
158,1
163,2
166,2
169,2
172,2
175,2
176,2
178,2
180,2
182,2
184,2
231,3
232,3
233,3
234,3
235,3
236,3
237,3
238,3
239,3
240,3
241,3
242,3
243,3
244,3
245,3
246,3
247,3
248,3
249,3
250,3
331,3
332,3
333,3
334,3
335,3
336,3
337,3
338,3
339,3
340,3
341,3
342,3
343,3
344,3
345,3
346,3
347,3
348,3
349,3
350,3
431,3
432,3
433,3
434,3
435,3
436,3
437,3
438,3
439,3
440,3
441,3
442,3
443,3
444,3
445,3
446,3
447,3
448,3
449,3
450,3
531,3
532,3
533,3
534,3
535,3
536,3
537,3
538,3
539,3
540,3
541,3
542,3
543,3
544,3
545,3
546,3
547,3
548,3
549,3
550,3
631,3
632,3
633,3
634,3
635,3
636,3
637,3
638,3
639,3
640,3
641,3
642,3
643,3
644,3
645,3
646,3
647,3
648,3
649,3
650,3
731,3
732,3
733,3
734,3
735,3
736,3
737,3
738,3
739,3
740,3
741,3
742,3
743,3
744,3
745,3
746,3
747,3
748,3
749,3
750,3
831,3
832,3
833,3
834,3
835,3
836,3
837,3
838,3
839,3
840,3
841,3
842,3
843,3
844,3
845,3
846,3
847,3
848,3
849,3
850,3
931,3
932,3
933,3
934,3
935,3
936,3
937,3
938,3
939,3
940,3
941,3
942,3
943,3
944,3
945,3
946,3
947,3
948,3
949,3
950,3
1031,3
1032,3
1033,3
1034,3
1035,3
1036,3
1037,3
1038,3
1039,3
1040,3
1041,3
1042,3
1043,3
1044,3
1045,3
1046,3
1047,3
1048,3
1049,3
1050,3
1111,3
1112,3
1113,3
1114,3
1115,3
1116,3
1117,3
1118,3
1119,3
1120,3
1121,3
1122,3
1123,3
1124,3
1125,3
1126,3
1127,3
1128,3
1129,3
1130,3
1191,3
1192,3
1193,3
1194,3
1195,3
1196,3
1197,3
1198,3
1199,3
1200,3
1201,3
1202,3
1203,3
1204,3
1205,3
1206,3
1207,3
1208,3
1209,3
1210,3
1271,3
1272,3
1273,3
1274,3
1275,3
1276,3
1277,3
1278,3
1279,3
1280,3
1281,3
1282,3
1283,3
1284,3
1285,3
1286,3
1287,3
1288,3
1289,3
1290,3
1351,3
1352,3
1353,3
1354,3
1355,3
1356,3
1357,3
1358,3
1359,3
1360,3
1361,3
1362,3
1363,3
1364,3
1365,3
1366,3
1367,3
1368,3
1369,3
1370,3
1431,3
1432,3
1433,3
1434,3
1435,3
1436,3
1437,3
1438,3
1439,3
1440,3
1441,3
1442,3
1443,3
1444,3
1445,3
1446,3
1447,3
1448,3
1449,3
1450,3
1511,3
1512,3
1513,3
1514,3
1515,3
1516,3
1517,3
1518,3
1519,3
1520,3
1521,3
1522,3
1523,3
1524,3
1525,3
1526,3
1527,3
1528,3
1529,3
1530,3
1564,3
1565,3
1566,3
1567,3
1568,3
1569,3
1570,3
1571,3
1572,3
1573,3
1574,3
1575,3
1576,3
1577,3
1578,3
1579,3
1580,3
1581,3
1582,3
1583,3
1584,3
1585,3
1586,3
1587,3
1588,3
1589,3
1590,3
1591,3
1592,3
1593,3
1594,3
1595,3
1596,3
1597,3
1598,3
1599,3
1600,3
1601,3
1632,3
1633,3
1654,3
1655,3
1656,3
1657,3
1658,3
1659,3
1660,3
1661,3
1662,3
1663,3
1664,3
1665,3
1666,3
1667,3
1668,3
1669,3
1670,3
1671,3
1672,3
1673,3
1674,3
1675,3
1676,3
1677,3
1678,3
1679,3
1680,3
1681,3
1682,3
1683,3
1684,3
1685,3
1686,3
1687,3
1688,3
1689,3
1690,3
1691,3
1692,3
1693,3
1694,3
1695,3
1696,3
1697,3
1698,3
1699,3
1700,3
1701,3
1702,3
1703,3
1704,3
1705,3
1706,3
1707,3
1708,3
1709,3
1710,3
1711,3
1712,3
1713,3
1749,3
1750,3
1751,3
1752,3
1753,3
1754,3
1755,3
1756,3
1757,3
1758,3
1759,3
1760,3
1761,3
1762,3
1763,3
1789,3
1790,3
1791,3
1792,3
1793,3
1821,3
1822,3
1823,3
1824,3
1825,3
1826,3
1827,3
1828,3
1829,3
1830,3
1831,3
1832,3
1833,3
1834,3
1835,3
1869,3
1870,3
1871,3
1906,3
1907,3
1948,3
1949,3
1950,3
1951,3
1952,3
1953,3
1954,3
1955,3
1956,3
1957,3
1958,3
1959,3
1960,3
1961,3
