116,0
118,0
120,0
122,0
124,0
127,1
130,1
133,1
136,1
139,1
145,2
149,2
153,2
157,2
160,2
162,2
165,2
168,2
171,2
174,2
211,3
212,3
213,3
214,3
215,3
216,3
217,3
218,3
219,3
220,3
221,3
222,3
223,3
224,3
225,3
226,3
227,3
228,3
229,3
230,3
311,3
312,3
313,3
314,3
315,3
316,3
317,3
318,3
319,3
320,3
321,3
322,3
323,3
324,3
325,3
326,3
327,3
328,3
329,3
330,3
411,3
412,3
413,3
414,3
415,3
416,3
417,3
418,3
419,3
420,3
421,3
422,3
423,3
424,3
425,3
426,3
427,3
428,3
429,3
430,3
511,3
512,3
513,3
514,3
515,3
516,3
517,3
518,3
519,3
520,3
521,3
522,3
523,3
524,3
525,3
526,3
527,3
528,3
529,3
530,3
611,3
612,3
613,3
614,3
615,3
616,3
617,3
618,3
619,3
620,3
621,3
622,3
623,3
624,3
625,3
626,3
627,3
628,3
629,3
630,3
711,3
712,3
713,3
714,3
715,3
716,3
717,3
718,3
719,3
720,3
721,3
722,3
723,3
724,3
725,3
726,3
727,3
728,3
729,3
730,3
811,3
812,3
813,3
814,3
815,3
816,3
817,3
818,3
819,3
820,3
821,3
822,3
823,3
824,3
825,3
826,3
827,3
828,3
829,3
830,3
911,3
912,3
913,3
914,3
915,3
916,3
917,3
918,3
919,3
920,3
921,3
922,3
923,3
924,3
925,3
926,3
927,3
928,3
929,3
930,3
1011,3
1012,3
1013,3
1014,3
1015,3
1016,3
1017,3
1018,3
1019,3
1020,3
1021,3
1022,3
1023,3
1024,3
1025,3
1026,3
1027,3
1028,3
1029,3
1030,3
1091,3
1092,3
1093,3
1094,3
1095,3
1096,3
1097,3
1098,3
1099,3
1100,3
1101,3
1102,3
1103,3
1104,3
1105,3
1106,3
1107,3
1108,3
1109,3
1110,3
1171,3
1172,3
1173,3
1174,3
1175,3
1176,3
1177,3
1178,3
1179,3
1180,3
1181,3
1182,3
1183,3
1184,3
1185,3
1186,3
1187,3
1188,3
1189,3
1190,3
1251,3
1252,3
1253,3
1254,3
1255,3
1256,3
1257,3
1258,3
1259,3
1260,3
1261,3
1262,3
1263,3
1264,3
1265,3
1266,3
1267,3
1268,3
1269,3
1270,3
1331,3
1332,3
1333,3
1334,3
1335,3
1336,3
1337,3
1338,3
1339,3
1340,3
1341,3
1342,3
1343,3
1344,3
1345,3
1346,3
1347,3
1348,3
1349,3
1350,3
1411,3
1412,3
1413,3
1414,3
1415,3
1416,3
1417,3
1418,3
1419,3
1420,3
1421,3
1422,3
1423,3
1424,3
1425,3
1426,3
1427,3
1428,3
1429,3
1430,3
1491,3
1492,3
1493,3
1494,3
1495,3
1496,3
1497,3
1498,3
1499,3
1500,3
1501,3
1502,3
1503,3
1504,3
1505,3
1506,3
1507,3
1508,3
1509,3
1510,3
1544,3
1545,3
1546,3
1547,3
1548,3
1549,3
1550,3
1551,3
1552,3
1553,3
1554,3
1555,3
1556,3
1557,3
1558,3
1559,3
1560,3
1561,3
1562,3
1563,3
1607,3
1609,3
1611,3
1613,3
1615,3
1617,3
1618,3
1619,3
1620,3
1621,3
1622,3
1623,3
1624,3
1625,3
1626,3
1627,3
1628,3
1629,3
1630,3
1631,3
1634,3
1635,3
1636,3
1637,3
1638,3
1639,3
1640,3
1641,3
1642,3
1643,3
1644,3
1645,3
1646,3
1647,3
1648,3
1649,3
1650,3
1651,3
1652,3
1653,3
1729,3
1730,3
1731,3
1732,3
1733,3
1734,3
1735,3
1736,3
1737,3
1738,3
1739,3
1740,3
1741,3
1742,3
1743,3
1744,3
1745,3
1746,3
1747,3
1748,3
1769,3
1770,3
1771,3
1772,3
1773,3
1774,3
1775,3
1776,3
1777,3
1778,3
1779,3
1780,3
1781,3
1782,3
1783,3
1784,3
1785,3
1786,3
1787,3
1788,3
1801,3
1802,3
1803,3
1804,3
1805,3
1806,3
1807,3
1808,3
1809,3
1810,3
1811,3
1812,3
1813,3
1814,3
1815,3
1816,3
1817,3
1818,3
1819,3
1820,3
1849,3
1850,3
1851,3
1852,3
1853,3
1854,3
1855,3
1856,3
1857,3
1858,3
1859,3
1860,3
1861,3
1862,3
1863,3
1864,3
1865,3
1866,3
1867,3
1868,3
1892,3
1893,3
1894,3
1895,3
1896,3
1897,3
1898,3
1899,3
1900,3
1901,3
1902,3
1903,3
1904,3
1905,3
