111,0
112,0
113,0
114,0
115,0
117,1
119,1
121,1
123,1
125,1
129,2
132,2
135,2
138,2
141,2
144,2
148,2
152,2
156,2
159,2
191,3
192,3
193,3
194,3
195,3
196,3
197,3
198,3
199,3
200,3
201,3
202,3
203,3
204,3
205,3
206,3
207,3
208,3
209,3
210,3
291,3
292,3
293,3
294,3
295,3
296,3
297,3
298,3
299,3
300,3
301,3
302,3
303,3
304,3
305,3
306,3
307,3
308,3
309,3
310,3
391,3
392,3
393,3
394,3
395,3
396,3
397,3
398,3
399,3
400,3
401,3
402,3
403,3
404,3
405,3
406,3
407,3
408,3
409,3
410,3
491,3
492,3
493,3
494,3
495,3
496,3
497,3
498,3
499,3
500,3
501,3
502,3
503,3
504,3
505,3
506,3
507,3
508,3
509,3
510,3
591,3
592,3
593,3
594,3
595,3
596,3
597,3
598,3
599,3
600,3
601,3
602,3
603,3
604,3
605,3
606,3
607,3
608,3
609,3
610,3
691,3
692,3
693,3
694,3
695,3
696,3
697,3
698,3
699,3
700,3
701,3
702,3
703,3
704,3
705,3
706,3
707,3
708,3
709,3
710,3
791,3
792,3
793,3
794,3
795,3
796,3
797,3
798,3
799,3
800,3
801,3
802,3
803,3
804,3
805,3
806,3
807,3
808,3
809,3
810,3
891,3
892,3
893,3
894,3
895,3
896,3
897,3
898,3
899,3
900,3
901,3
902,3
903,3
904,3
905,3
906,3
907,3
908,3
909,3
910,3
991,3
992,3
993,3
994,3
995,3
996,3
997,3
998,3
999,3
1000,3
1001,3
1002,3
1003,3
1004,3
1005,3
1006,3
1007,3
1008,3
1009,3
1010,3
1071,3
1072,3
1073,3
1074,3
1075,3
1076,3
1077,3
1078,3
1079,3
1080,3
1081,3
1082,3
1083,3
1084,3
1085,3
1086,3
1087,3
1088,3
1089,3
1090,3
1151,3
1152,3
1153,3
1154,3
1155,3
1156,3
1157,3
1158,3
1159,3
1160,3
1161,3
1162,3
1163,3
1164,3
1165,3
1166,3
1167,3
1168,3
1169,3
1170,3
1231,3
1232,3
1233,3
1234,3
1235,3
1236,3
1237,3
1238,3
1239,3
1240,3
1241,3
1242,3
1243,3
1244,3
1245,3
1246,3
1247,3
1248,3
1249,3
1250,3
1311,3
1312,3
1313,3
1314,3
1315,3
1316,3
1317,3
1318,3
1319,3
1320,3
1321,3
1322,3
1323,3
1324,3
1325,3
1326,3
1327,3
1328,3
1329,3
1330,3
1391,3
1392,3
1393,3
1394,3
1395,3
1396,3
1397,3
1398,3
1399,3
1400,3
1401,3
1402,3
1403,3
1404,3
1405,3
1406,3
1407,3
1408,3
1409,3
1410,3
1471,3
1472,3
1473,3
1474,3
1475,3
1476,3
1477,3
1478,3
1479,3
1480,3
1481,3
1482,3
1483,3
1484,3
1485,3
1486,3
1487,3
1488,3
1489,3
1490,3
1602,2
1603,2
1604,2
1605,2
1606,2
1608,2
1610,2
1612,2
1614,2
1616,2
1714,3
1715,3
1716,3
1717,3
1718,3
1719,3
1720,3
1721,3
1722,3
1723,3
1724,3
1725,3
1726,3
1727,3
1728,3
1764,3
1765,3
1766,3
1767,3
1768,3
1794,3
1795,3
1796,3
1797,3
1798,3
1799,3
1800,3
1836,3
1837,3
1838,3
1839,3
1840,3
1841,3
1842,3
1843,3
1844,3
1845,3
1846,3
1847,3
1848,3
1872,3
1873,3
1874,3
1875,3
1876,3
1877,3
1878,3
1879,3
1880,3
1881,3
1882,3
1883,3
1884,3
1885,3
1886,3
1887,3
1888,3
1889,3
1890,3
1891,3
1908,3
1909,3
1910,3
1911,3
1912,3
1913,3
1914,3
1915,3
1916,3
1917,3
1918,3
1919,3
1920,3
1921,3
1922,3
1923,3
1924,3
1925,3
1926,3
1927,3
1928,3
1929,3
1930,3
1931,3
1932,3
1933,3
1934,3
1935,3
1936,3
1937,3
1938,3
1939,3
1940,3
1941,3
1942,3
1943,3
1944,3
1945,3
1946,3
1947,3
1962,3
1963,3
1964,3
1965,3
1966,3
1967,3
1968,3
1969,3
1970,3
1971,3
1972,3
1973,3
1974,3
1975,3
1976,3
1977,3
1978,3
1979,3
1980,3
1981,3
1982,3
1983,3
1984,3
1985,3
1986,3
1987,3
1988,3
1989,3
1990,3
1991,3
1992,3
1993,3
1994,3
1995,3
1996,3
1997,3
1998,3
1999,3
2000,3
2001,3
2002,3
2003,3
2004,3
