159,0
163,0
167,0
171,0
175,0
182,1
186,1
190,1
194,1
198,1
205,2
209,2
213,2
217,2
220,2
223,2
227,2
231,2
235,2
239,2
403,2
405,2
407,2
409,2
411,2
413,2
415,2
417,2
419,2
421,2
477,3
478,3
492,3
493,3
494,3
495,3
496,3
497,3
498,3
499,3
500,3
501,3
543,3
544,3
545,3
546,3
547,3
548,3
549,3
550,3
606,3
608,3
610,3
612,3
614,3
616,3
618,3
619,3
620,3
621,3
622,3
623,3
624,3
637,3
638,3
639,3
640,3
641,3
642,3
643,3
668,3
669,3
670,3
671,3
672,3
673,3
674,3
675,3
676,3
677,3
678,3
679,3
680,3
681,3
682,3
727,3
728,3
729,3
730,3
731,3
755,3
756,3
757,3
758,3
759,3
