140,0
143,0
147,0
151,0
155,0
162,1
166,1
170,1
174,1
178,1
185,2
189,2
193,2
197,2
201,2
204,2
208,2
212,2
216,2
219,2
310,3
311,3
312,3
313,3
314,3
315,3
316,3
371,3
372,3
373,3
374,3
375,3
376,3
377,3
471,3
472,3
473,3
474,3
475,3
476,3
602,2
603,2
604,2
605,2
607,2
609,2
611,2
613,2
615,2
617,2
683,3
684,3
685,3
686,3
687,3
688,3
689,3
690,3
691,3
692,3
693,3
694,3
695,3
696,3
697,3
722,3
723,3
724,3
725,3
726,3
732,3
733,3
734,3
735,3
736,3
737,3
738,3
739,3
740,3
741,3
742,3
743,3
744,3
745,3
746,3
747,3
748,3
765,3
766,3
767,3
768,3
769,3
770,3
771,3
772,3
