126,0
128,0
131,0
134,0
137,0
142,1
146,1
150,1
154,1
158,1
165,2
169,2
173,2
177,2
181,2
184,2
188,2
192,2
196,2
200,2
277,3
278,3
279,3
280,3
281,3
282,3
283,3
284,3
285,3
286,3
287,3
288,3
289,3
303,3
304,3
305,3
306,3
307,3
308,3
309,3
344,3
345,3
346,3
347,3
348,3
349,3
350,3
351,3
352,3
353,3
354,3
355,3
356,3
364,3
365,3
366,3
367,3
368,3
369,3
370,3
435,3
436,3
437,3
438,3
439,3
440,3
441,3
442,3
443,3
444,3
445,3
446,3
447,3
464,3
465,3
466,3
467,3
468,3
469,3
470,3
529,3
530,3
531,3
532,3
533,3
534,3
535,3
536,3
537,3
538,3
539,3
540,3
541,3
542,3
