111,0
112,0
113,0
114,0
115,0
117,1
119,1
121,1
123,1
125,1
129,2
132,2
135,2
138,2
141,2
144,2
148,2
152,2
156,2
160,2
222,3
226,3
230,3
234,3
238,3
241,3
244,3
247,3
250,3
253,3
256,3
258,3
260,3
262,3
264,3
266,3
267,3
268,3
269,3
270,3
402,2
404,2
406,2
408,2
410,2
412,2
414,2
416,2
418,2
420,2
479,3
480,3
481,3
482,3
483,3
484,3
485,3
486,3
487,3
488,3
489,3
490,3
491,3
559,3
560,3
561,3
562,3
563,3
564,3
565,3
653,3
654,3
655,3
656,3
657,3
658,3
659,3
660,3
661,3
662,3
663,3
664,3
665,3
666,3
667,3
712,3
713,3
714,3
715,3
716,3
749,3
750,3
751,3
752,3
753,3
