116,0
118,0
120,0
122,0
124,0
127,1
130,1
133,1
136,1
139,1
145,2
149,2
153,2
157,2
161,2
164,2
168,2
172,2
176,2
180,2
271,3
272,3
273,3
274,3
275,3
276,3
317,3
318,3
319,3
320,3
321,3
322,3
323,3
324,3
325,3
326,3
327,3
328,3
329,3
343,3
378,3
379,3
380,3
381,3
382,3
383,3
384,3
385,3
386,3
387,3
388,3
389,3
390,3
504,2
507,2
510,2
513,2
516,2
519,2
522,2
524,2
526,2
528,2
566,3
567,3
568,3
569,3
570,3
571,3
572,3
587,3
588,3
589,3
590,3
591,3
592,3
593,3
594,3
595,3
596,3
597,3
598,3
599,3
600,3
601,3
717,3
718,3
719,3
720,3
721,3
760,3
761,3
762,3
763,3
764,3
