179,0
183,0
187,0
191,0
195,0
202,1
206,1
210,1
214,1
218,1
224,2
228,2
232,2
236,2
240,2
242,2
245,2
248,2
251,2
254,2
330,3
331,3
332,3
333,3
334,3
335,3
336,3
337,3
338,3
339,3
340,3
341,3
342,3
391,3
392,3
393,3
394,3
395,3
396,3
397,3
502,2
505,2
508,2
511,2
514,2
517,2
520,2
523,2
525,2
527,2
551,3
552,3
553,3
554,3
555,3
556,3
557,3
558,3
625,3
626,3
627,3
628,3
629,3
630,3
631,3
632,3
633,3
634,3
635,3
636,3
644,3
645,3
646,3
647,3
648,3
649,3
650,3
651,3
652,3
698,3
699,3
700,3
701,3
702,3
703,3
704,3
705,3
706,3
707,3
708,3
709,3
710,3
711,3
