199,0
203,0
207,0
211,0
215,0
221,1
225,1
229,1
233,1
237,1
243,2
246,2
249,2
252,2
255,2
257,2
259,2
261,2
263,2
265,2
290,3
291,3
292,3
293,3
294,3
295,3
296,3
297,3
298,3
299,3
300,3
301,3
302,3
357,3
358,3
359,3
360,3
361,3
362,3
363,3
398,3
399,3
400,3
401,3
422,3
423,3
424,3
425,3
426,3
427,3
428,3
429,3
430,3
431,3
432,3
433,3
434,3
448,3
449,3
450,3
451,3
452,3
453,3
454,3
455,3
456,3
457,3
458,3
459,3
460,3
461,3
462,3
463,3
503,3
506,3
509,3
512,3
515,3
518,3
521,3
573,3
574,3
575,3
576,3
577,3
578,3
579,3
580,3
581,3
582,3
583,3
584,3
585,3
586,3
